k_diff: 0.001
k_same: 0.1
n: 17
pops: [3, 3, 3, 3, 5]
alpha: 0.3
alpha_lim: 0.91267640064567
T: 1000
n_rep: 4
mu*: 0.512
alpha_mu*: 0.3535999999999999
sample_size: 17