k_diff: 0.001
k_same: 0.1
n: 165
pops: [5, 5, 5, 5, 5, 5, 5, 5, 5, 5, 5, 5, 5, 5, 5, 5, 5, 5, 5, 5, 5, 5, 5, 5, 5, 5, 5, 5, 5, 20]
alpha: 0.3
alpha_lim: 0.7415064804076295
T: 1000
n_rep: 4
mu*: 2.145000000000001
alpha_mu*: 0.6600000000000001
sample_size: 20